33,105
33,104
33,103
33,102
33,101
33,100
33,99
33,98
33,97
33,96
33,95
33,94
33,93
33,92
33,91
33,90
33,89
33,88
33,87
33,86
33,85
33,84
33,83
33,82
33,81
33,80
33,79
33,78
33,77
33,76
33,75
33,74
33,73
33,72
33,71
33,70
33,69
33,68
33,67
33,66
33,65
33,64
33,37
33,36
33,35
33,34
33,33
33,32
33,31
33,30
33,29
33,28
33,27
33,26
33,25
33,24
33,23
33,22
33,21
33,20
33,19
33,18
33,17
33,16
33,15
33,14
33,13
33,12
33,11
33,10
33,9
33,8
33,7
33,6
14,5
14,4
35,7
35,6
35,5
35,4
35,3
35,2
35,1
35,0
34,5
34,4
34,3
34,2
34,1
34,0
33,5
33,4
33,3
33,2
33,1
33,0
32,4
32,3
32,2
32,1
32,0
31,8
31,7
31,6
31,5
31,4
31,3
31,2
31,1
31,0
30,5
30,4
30,3
30,2
30,1
30,0
29,4
29,3
29,2
29,1
29,0
28,5
28,4
28,3
28,2
28,1
28,0
27,5
27,4
27,3
27,2
27,1
27,0
26,5
26,4
26,3
26,2
26,1
26,0
25,5
25,4
25,3
25,2
25,1
25,0
24,6
24,5
24,4
24,3
24,2
24,1
24,0
23,35
23,34
23,33
23,32
23,31
23,30
23,29
23,28
23,27
23,26
23,25
23,24
23,23
23,22
23,21
23,20
23,19
23,18
23,17
23,16
23,15
23,14
23,13
23,12
23,11
23,10
23,9
23,8
23,7
23,6
23,5
23,4
23,3
23,2
23,0
0,430
0,429
0,428
0,427
0,426
0,425
0,424
0,423
0,422
0,421
0,420
0,419
0,418
0,417
0,416
0,479
0,478
0,477
0,476
0,475
0,474
0,473
0,472
0,471
0,470
0,469
0,468
0,467
0,466
0,465
0,464
0,463
0,462
0,461
0,460
0,459
0,458
0,457
0,456
0,455
0,454
0,453
0,452
0,451
0,450
0,449
0,448
0,511
0,510
0,509
0,508
0,507
0,506
0,505
0,504
0,503
0,502
0,501
0,500
0,499
0,498
